1720625312907 3.6078808307647705 0
1720625313493 3.420729160308838 0
1720625314090 3.0671985149383545 0
1720625314696 2.4847474098205566 0
1720625315289 2.1189427375793457 0
1720625315885 1.7285993099212646 0
1720625316479 1.0705199241638184 0
1720625317069 0.5602529644966125 0
1720625317663 0.7158061861991882 0
1720625318257 0.4880245327949524 0
1720625318853 0.3629668056964874 0
1720625319450 0.28503116965293884 0
1720625320052 0.21532253921031952 0
1720625320652 0.11754953861236572 0
1720625321250 0.07959891855716705 0
1720625321850 0.11721780151128769 0
1720625322445 0.084525927901268 0
1720625323039 0.15679748356342316 0
1720625323631 0.11352697759866714 0
1720625324223 0.04519890621304512 0
1720625324819 0.02884017303586006 0
1720625325412 0.04548128694295883 0
1720625326007 0.015131145715713501 0
1720625326614 0.03413916751742363 0
1720625327216 0.027873937040567398 0
1720625327845 0.015410508029162884 0
1720625328509 0.038440681993961334 0
1720625329175 0.017237965017557144 0
1720625329784 0.02819037437438965 0
1720625330381 0.01413253229111433 0
1720625330983 0.01361654419451952 0
1720625331584 0.012271001003682613 0
