1720625312906 0.3632075471698113 0
1720625313491 0.4339622641509434 0
1720625314089 0.5330188679245284 0
1720625314695 0.6132075471698113 0
1720625315288 0.7924528301886793 0
1720625315884 0.8632075471698113 0
1720625316478 0.9764150943396226 0
1720625317068 0.9952830188679245 0
1720625317662 1.0 0
1720625318256 1.0 0
1720625318852 1.0 0
1720625319449 1.0 0
1720625320051 1.0 0
1720625320651 1.0 0
1720625321249 1.0 0
1720625321848 1.0 0
1720625322444 1.0 0
1720625323038 1.0 0
1720625323630 1.0 0
1720625324222 1.0 0
1720625324818 1.0 0
1720625325411 1.0 0
1720625326006 1.0 0
1720625326613 1.0 0
1720625327215 1.0 0
1720625327844 1.0 0
1720625328508 1.0 0
1720625329174 1.0 0
1720625329783 1.0 0
1720625330380 1.0 0
1720625330982 1.0 0
1720625331583 1.0 0
